package practice07;
/*
 * PTra07_09.java
 *   作成	LIKEIT	2017
 *------------------------------------------------------------
 * Copyright(c) Rhizome Inc. All Rights Reserved.
 */

public class PTra07_09 {
	public static void main(String[] args) {

		// ※2次元配列を用いています
		int[][] kuku = new int[9][9];

		/*
		 * ★ 九九の計算を行い配列に格納した後、以下のような表にして表示してください
		 *
		 *	|1	|2	|3	|4	|5	|6	|7	|8	|9
		 *  |2	|4	|6	|8	|10	|12	|14	|16	|18
		 *  |3	|6	|9	|12	|15	|18	|21	|24	|27
		 *  |4	|8	|12	|16	|20	|24	|28	|32	|36
		 *  |5	|10	|15	|20	|25	|30	|35	|40	|45
		 *  |6	|12	|18	|24	|30	|36	|42	|48	|54
		 *  |7	|14	|21	|28	|35	|42	|49	|56	|63
		 *  |8	|16	|24	|32	|40	|48	|56	|64	|72
		 *  |9	|18	|27	|36	|45	|54	|63	|72	|81
		 */

	}
}
